{
  "nbformat": 4,
  "nbformat_minor": 0,
  "metadata": {
    "colab": {
      "provenance": [],
      "mount_file_id": "1t9bLokY61bnlye9wF99iFxfG9IF_op6r",
      "authorship_tag": "ABX9TyMK8yGXb8knFW6OUXYB31bW",
      "include_colab_link": true
    },
    "kernelspec": {
      "name": "python3",
      "display_name": "Python 3"
    },
    "language_info": {
      "name": "python"
    }
  },
  "cells": [
    {
      "cell_type": "markdown",
      "metadata": {
        "id": "view-in-github",
        "colab_type": "text"
      },
      "source": [
        "<a href=\"https://colab.research.google.com/github/mohamedssafini/default_of_credit_card/blob/main/LogisticRegression.ipynb\" target=\"_parent\"><img src=\"https://colab.research.google.com/assets/colab-badge.svg\" alt=\"Open In Colab\"/></a>"
      ]
    },
    {
      "cell_type": "markdown",
      "source": [
        "**Logistic Regression**"
      ],
      "metadata": {
        "id": "Q7cuTLSdUF5e"
      }
    },
    {
      "cell_type": "code",
      "execution_count": 2,
      "metadata": {
        "colab": {
          "base_uri": "https://localhost:8080/"
        },
        "id": "Joxg9w_-Sr0r",
        "outputId": "001a9ae5-585b-4fef-eab0-5509399030ed"
      },
      "outputs": [
        {
          "output_type": "stream",
          "name": "stdout",
          "text": [
            "The Python version is 3.7.15 (default, Oct 12 2022, 19:14:55) \n",
            "[GCC 7.5.0].\n",
            "\n",
            "The Numpy version is 1.21.6.\n",
            "\n",
            "The Pandas version is 1.3.5.\n",
            "\n",
            "The Matplotlib version is 3.2.2.\n",
            "\n",
            "The Seaborn version is 0.11.2.\n",
            "\n",
            "The Scikit-Learn version is 1.0.2.\n",
            "\n"
          ]
        }
      ],
      "source": [
        "# Load packages and check versions\n",
        "import sys\n",
        "import numpy as np\n",
        "import pandas as pd\n",
        "import matplotlib as mpl\n",
        "import seaborn as sns\n",
        "import sklearn\n",
        "\n",
        "print('The Python version is {}.\\n'.format(sys.version))\n",
        "print('The Numpy version is {}.\\n'.format(np.__version__))\n",
        "print('The Pandas version is {}.\\n'.format(pd.__version__))\n",
        "print('The Matplotlib version is {}.\\n'.format(mpl.__version__))\n",
        "print('The Seaborn version is {}.\\n'.format(sns.__version__))\n",
        "print('The Scikit-Learn version is {}.\\n'.format(sklearn.__version__))"
      ]
    },
    {
      "cell_type": "code",
      "source": [
        "import numpy as np #numerical computation\n",
        "import pandas as pd #data wrangling\n",
        "import matplotlib.pyplot as plt #plotting package\n",
        "#Next line helps with rendering plots\n",
        "%matplotlib inline\n",
        "import matplotlib as mpl #add'l plotting functionality\n",
        "import seaborn as sns #a fancy plotting package\n",
        "mpl.rcParams['figure.dpi'] = 400 #high res figures"
      ],
      "metadata": {
        "id": "vqYY8nGITQV7"
      },
      "execution_count": 3,
      "outputs": []
    },
    {
      "cell_type": "code",
      "source": [
        "df = pd.read_csv('drive/MyDrive/Chapter_1_cleaned_data.csv')"
      ],
      "metadata": {
        "id": "SkLZgmZYTeOw"
      },
      "execution_count": 4,
      "outputs": []
    },
    {
      "cell_type": "code",
      "source": [
        "features_response = df.columns.tolist()"
      ],
      "metadata": {
        "id": "TUvOonDOTx-a"
      },
      "execution_count": 5,
      "outputs": []
    },
    {
      "cell_type": "code",
      "source": [
        "features_response[:5]"
      ],
      "metadata": {
        "colab": {
          "base_uri": "https://localhost:8080/"
        },
        "id": "Rph7Ro88U69W",
        "outputId": "d1231d8d-e168-47fb-e48a-d0ee26ae3274"
      },
      "execution_count": 6,
      "outputs": [
        {
          "output_type": "execute_result",
          "data": {
            "text/plain": [
              "['ID', 'LIMIT_BAL', 'SEX', 'EDUCATION', 'MARRIAGE']"
            ]
          },
          "metadata": {},
          "execution_count": 6
        }
      ]
    },
    {
      "cell_type": "code",
      "source": [
        "features_response[-5:]"
      ],
      "metadata": {
        "colab": {
          "base_uri": "https://localhost:8080/"
        },
        "id": "pyi4UIVlVFPf",
        "outputId": "77a31431-4e37-4403-fb15-626a48123740"
      },
      "execution_count": 7,
      "outputs": [
        {
          "output_type": "execute_result",
          "data": {
            "text/plain": [
              "['EDUCATION_CAT', 'graduate school', 'high school', 'others', 'university']"
            ]
          },
          "metadata": {},
          "execution_count": 7
        }
      ]
    },
    {
      "cell_type": "code",
      "source": [
        "df['EDUCATION']"
      ],
      "metadata": {
        "colab": {
          "base_uri": "https://localhost:8080/"
        },
        "id": "Vsk4m4MkVKQk",
        "outputId": "a9dd388f-469c-4e75-a54f-fa38804dccee"
      },
      "execution_count": 8,
      "outputs": [
        {
          "output_type": "execute_result",
          "data": {
            "text/plain": [
              "0        2\n",
              "1        2\n",
              "2        2\n",
              "3        2\n",
              "4        2\n",
              "        ..\n",
              "26659    3\n",
              "26660    3\n",
              "26661    2\n",
              "26662    3\n",
              "26663    2\n",
              "Name: EDUCATION, Length: 26664, dtype: int64"
            ]
          },
          "metadata": {},
          "execution_count": 8
        }
      ]
    },
    {
      "cell_type": "code",
      "source": [
        "items_to_remove = ['ID', 'SEX',\n",
        "                   'PAY_2', 'PAY_3', 'PAY_4', 'PAY_5', 'PAY_6',\n",
        "                   'EDUCATION_CAT',\n",
        "                   'graduate school', 'high school', 'none',\n",
        "                   'others', 'university']"
      ],
      "metadata": {
        "id": "Ts71sLvoXrFi"
      },
      "execution_count": 9,
      "outputs": []
    },
    {
      "cell_type": "code",
      "source": [
        "features_response = [item for item in features_response if item not in items_to_remove]"
      ],
      "metadata": {
        "id": "01NvHmKqY6fy"
      },
      "execution_count": 10,
      "outputs": []
    },
    {
      "cell_type": "code",
      "source": [
        "features_response"
      ],
      "metadata": {
        "colab": {
          "base_uri": "https://localhost:8080/"
        },
        "id": "daTTVsIYbl7D",
        "outputId": "af07ba9c-2459-465c-9d7b-1a0ecf85ee51"
      },
      "execution_count": 11,
      "outputs": [
        {
          "output_type": "execute_result",
          "data": {
            "text/plain": [
              "['LIMIT_BAL',\n",
              " 'EDUCATION',\n",
              " 'MARRIAGE',\n",
              " 'AGE',\n",
              " 'PAY_1',\n",
              " 'BILL_AMT1',\n",
              " 'BILL_AMT2',\n",
              " 'BILL_AMT3',\n",
              " 'BILL_AMT4',\n",
              " 'BILL_AMT5',\n",
              " 'BILL_AMT6',\n",
              " 'PAY_AMT1',\n",
              " 'PAY_AMT2',\n",
              " 'PAY_AMT3',\n",
              " 'PAY_AMT4',\n",
              " 'PAY_AMT5',\n",
              " 'PAY_AMT6',\n",
              " 'default payment next month']"
            ]
          },
          "metadata": {},
          "execution_count": 11
        }
      ]
    },
    {
      "cell_type": "code",
      "source": [
        "corr = df[features_response].corr()"
      ],
      "metadata": {
        "id": "tTl2lUfcbtH3"
      },
      "execution_count": 12,
      "outputs": []
    },
    {
      "cell_type": "code",
      "source": [
        "corr"
      ],
      "metadata": {
        "colab": {
          "base_uri": "https://localhost:8080/",
          "height": 765
        },
        "id": "IGwMTLXoY652",
        "outputId": "698abef4-0e52-4f1d-9b37-c608f0121e3f"
      },
      "execution_count": 13,
      "outputs": [
        {
          "output_type": "execute_result",
          "data": {
            "text/plain": [
              "                            LIMIT_BAL  EDUCATION  MARRIAGE       AGE  \\\n",
              "LIMIT_BAL                    1.000000  -0.232688 -0.111873  0.149157   \n",
              "EDUCATION                   -0.232688   1.000000 -0.137097  0.179035   \n",
              "MARRIAGE                    -0.111873  -0.137097  1.000000 -0.412828   \n",
              "AGE                          0.149157   0.179035 -0.412828  1.000000   \n",
              "PAY_1                       -0.273396   0.112653  0.019759 -0.044277   \n",
              "BILL_AMT1                    0.287009   0.016156 -0.028610  0.056245   \n",
              "BILL_AMT2                    0.279289   0.012307 -0.026009  0.054099   \n",
              "BILL_AMT3                    0.285299   0.007683 -0.029192  0.054107   \n",
              "BILL_AMT4                    0.294342  -0.005862 -0.027740  0.051241   \n",
              "BILL_AMT5                    0.295198  -0.013174 -0.029895  0.049701   \n",
              "BILL_AMT6                    0.289818  -0.012670 -0.024414  0.047519   \n",
              "PAY_AMT1                     0.194820  -0.040092 -0.002951  0.025437   \n",
              "PAY_AMT2                     0.188049  -0.033610 -0.007548  0.025421   \n",
              "PAY_AMT3                     0.207638  -0.042349 -0.003408  0.029876   \n",
              "PAY_AMT4                     0.202795  -0.039319 -0.014387  0.025307   \n",
              "PAY_AMT5                     0.218082  -0.044946 -0.000410  0.020541   \n",
              "PAY_AMT6                     0.221305  -0.046859 -0.009461  0.021640   \n",
              "default payment next month  -0.154423   0.034966 -0.026030  0.014334   \n",
              "\n",
              "                               PAY_1  BILL_AMT1  BILL_AMT2  BILL_AMT3  \\\n",
              "LIMIT_BAL                  -0.273396   0.287009   0.279289   0.285299   \n",
              "EDUCATION                   0.112653   0.016156   0.012307   0.007683   \n",
              "MARRIAGE                    0.019759  -0.028610  -0.026009  -0.029192   \n",
              "AGE                        -0.044277   0.056245   0.054099   0.054107   \n",
              "PAY_1                       1.000000   0.185826   0.188799   0.181257   \n",
              "BILL_AMT1                   0.185826   1.000000   0.951651   0.900386   \n",
              "BILL_AMT2                   0.188799   0.951651   1.000000   0.937488   \n",
              "BILL_AMT3                   0.181257   0.900386   0.937488   1.000000   \n",
              "BILL_AMT4                   0.178812   0.860149   0.892103   0.930385   \n",
              "BILL_AMT5                   0.180438   0.828615   0.858078   0.889186   \n",
              "BILL_AMT6                   0.177486   0.802008   0.830300   0.855154   \n",
              "PAY_AMT1                   -0.081450   0.138221   0.276583   0.242809   \n",
              "PAY_AMT2                   -0.073295   0.112460   0.114473   0.287837   \n",
              "PAY_AMT3                   -0.072682   0.145635   0.137514   0.119456   \n",
              "PAY_AMT4                   -0.064112   0.160204   0.148685   0.141010   \n",
              "PAY_AMT5                   -0.057021   0.163425   0.153851   0.159446   \n",
              "PAY_AMT6                   -0.061031   0.178943   0.172472   0.178121   \n",
              "default payment next month  0.325365  -0.020508  -0.014579  -0.014649   \n",
              "\n",
              "                            BILL_AMT4  BILL_AMT5  BILL_AMT6  PAY_AMT1  \\\n",
              "LIMIT_BAL                    0.294342   0.295198   0.289818  0.194820   \n",
              "EDUCATION                   -0.005862  -0.013174  -0.012670 -0.040092   \n",
              "MARRIAGE                    -0.027740  -0.029895  -0.024414 -0.002951   \n",
              "AGE                          0.051241   0.049701   0.047519  0.025437   \n",
              "PAY_1                        0.178812   0.180438   0.177486 -0.081450   \n",
              "BILL_AMT1                    0.860149   0.828615   0.802008  0.138221   \n",
              "BILL_AMT2                    0.892103   0.858078   0.830300  0.276583   \n",
              "BILL_AMT3                    0.930385   0.889186   0.855154  0.242809   \n",
              "BILL_AMT4                    1.000000   0.937799   0.899241  0.229123   \n",
              "BILL_AMT5                    0.937799   1.000000   0.945671  0.212053   \n",
              "BILL_AMT6                    0.899241   0.945671   1.000000  0.194316   \n",
              "PAY_AMT1                     0.229123   0.212053   0.194316  1.000000   \n",
              "PAY_AMT2                     0.217716   0.189566   0.167941  0.326951   \n",
              "PAY_AMT3                     0.293652   0.241291   0.219008  0.268781   \n",
              "PAY_AMT4                     0.131700   0.296192   0.251668  0.204178   \n",
              "PAY_AMT5                     0.158633   0.140669   0.305627  0.154208   \n",
              "PAY_AMT6                     0.171339   0.161847   0.117253  0.192774   \n",
              "default payment next month  -0.011349  -0.006753  -0.006274 -0.072431   \n",
              "\n",
              "                            PAY_AMT2  PAY_AMT3  PAY_AMT4  PAY_AMT5  PAY_AMT6  \\\n",
              "LIMIT_BAL                   0.188049  0.207638  0.202795  0.218082  0.221305   \n",
              "EDUCATION                  -0.033610 -0.042349 -0.039319 -0.044946 -0.046859   \n",
              "MARRIAGE                   -0.007548 -0.003408 -0.014387 -0.000410 -0.009461   \n",
              "AGE                         0.025421  0.029876  0.025307  0.020541  0.021640   \n",
              "PAY_1                      -0.073295 -0.072682 -0.064112 -0.057021 -0.061031   \n",
              "BILL_AMT1                   0.112460  0.145635  0.160204  0.163425  0.178943   \n",
              "BILL_AMT2                   0.114473  0.137514  0.148685  0.153851  0.172472   \n",
              "BILL_AMT3                   0.287837  0.119456  0.141010  0.159446  0.178121   \n",
              "BILL_AMT4                   0.217716  0.293652  0.131700  0.158633  0.171339   \n",
              "BILL_AMT5                   0.189566  0.241291  0.296192  0.140669  0.161847   \n",
              "BILL_AMT6                   0.167941  0.219008  0.251668  0.305627  0.117253   \n",
              "PAY_AMT1                    0.326951  0.268781  0.204178  0.154208  0.192774   \n",
              "PAY_AMT2                    1.000000  0.265713  0.188660  0.136844  0.164655   \n",
              "PAY_AMT3                    0.265713  1.000000  0.222513  0.158325  0.163026   \n",
              "PAY_AMT4                    0.188660  0.222513  1.000000  0.153347  0.165131   \n",
              "PAY_AMT5                    0.136844  0.158325  0.153347  1.000000  0.158727   \n",
              "PAY_AMT6                    0.164655  0.163026  0.165131  0.158727  1.000000   \n",
              "default payment next month -0.061555 -0.058010 -0.054572 -0.056651 -0.054838   \n",
              "\n",
              "                            default payment next month  \n",
              "LIMIT_BAL                                    -0.154423  \n",
              "EDUCATION                                     0.034966  \n",
              "MARRIAGE                                     -0.026030  \n",
              "AGE                                           0.014334  \n",
              "PAY_1                                         0.325365  \n",
              "BILL_AMT1                                    -0.020508  \n",
              "BILL_AMT2                                    -0.014579  \n",
              "BILL_AMT3                                    -0.014649  \n",
              "BILL_AMT4                                    -0.011349  \n",
              "BILL_AMT5                                    -0.006753  \n",
              "BILL_AMT6                                    -0.006274  \n",
              "PAY_AMT1                                     -0.072431  \n",
              "PAY_AMT2                                     -0.061555  \n",
              "PAY_AMT3                                     -0.058010  \n",
              "PAY_AMT4                                     -0.054572  \n",
              "PAY_AMT5                                     -0.056651  \n",
              "PAY_AMT6                                     -0.054838  \n",
              "default payment next month                    1.000000  "
            ],
            "text/html": [
              "\n",
              "  <div id=\"df-94a41f51-694e-4374-9dab-8d1c84f8f67f\">\n",
              "    <div class=\"colab-df-container\">\n",
              "      <div>\n",
              "<style scoped>\n",
              "    .dataframe tbody tr th:only-of-type {\n",
              "        vertical-align: middle;\n",
              "    }\n",
              "\n",
              "    .dataframe tbody tr th {\n",
              "        vertical-align: top;\n",
              "    }\n",
              "\n",
              "    .dataframe thead th {\n",
              "        text-align: right;\n",
              "    }\n",
              "</style>\n",
              "<table border=\"1\" class=\"dataframe\">\n",
              "  <thead>\n",
              "    <tr style=\"text-align: right;\">\n",
              "      <th></th>\n",
              "      <th>LIMIT_BAL</th>\n",
              "      <th>EDUCATION</th>\n",
              "      <th>MARRIAGE</th>\n",
              "      <th>AGE</th>\n",
              "      <th>PAY_1</th>\n",
              "      <th>BILL_AMT1</th>\n",
              "      <th>BILL_AMT2</th>\n",
              "      <th>BILL_AMT3</th>\n",
              "      <th>BILL_AMT4</th>\n",
              "      <th>BILL_AMT5</th>\n",
              "      <th>BILL_AMT6</th>\n",
              "      <th>PAY_AMT1</th>\n",
              "      <th>PAY_AMT2</th>\n",
              "      <th>PAY_AMT3</th>\n",
              "      <th>PAY_AMT4</th>\n",
              "      <th>PAY_AMT5</th>\n",
              "      <th>PAY_AMT6</th>\n",
              "      <th>default payment next month</th>\n",
              "    </tr>\n",
              "  </thead>\n",
              "  <tbody>\n",
              "    <tr>\n",
              "      <th>LIMIT_BAL</th>\n",
              "      <td>1.000000</td>\n",
              "      <td>-0.232688</td>\n",
              "      <td>-0.111873</td>\n",
              "      <td>0.149157</td>\n",
              "      <td>-0.273396</td>\n",
              "      <td>0.287009</td>\n",
              "      <td>0.279289</td>\n",
              "      <td>0.285299</td>\n",
              "      <td>0.294342</td>\n",
              "      <td>0.295198</td>\n",
              "      <td>0.289818</td>\n",
              "      <td>0.194820</td>\n",
              "      <td>0.188049</td>\n",
              "      <td>0.207638</td>\n",
              "      <td>0.202795</td>\n",
              "      <td>0.218082</td>\n",
              "      <td>0.221305</td>\n",
              "      <td>-0.154423</td>\n",
              "    </tr>\n",
              "    <tr>\n",
              "      <th>EDUCATION</th>\n",
              "      <td>-0.232688</td>\n",
              "      <td>1.000000</td>\n",
              "      <td>-0.137097</td>\n",
              "      <td>0.179035</td>\n",
              "      <td>0.112653</td>\n",
              "      <td>0.016156</td>\n",
              "      <td>0.012307</td>\n",
              "      <td>0.007683</td>\n",
              "      <td>-0.005862</td>\n",
              "      <td>-0.013174</td>\n",
              "      <td>-0.012670</td>\n",
              "      <td>-0.040092</td>\n",
              "      <td>-0.033610</td>\n",
              "      <td>-0.042349</td>\n",
              "      <td>-0.039319</td>\n",
              "      <td>-0.044946</td>\n",
              "      <td>-0.046859</td>\n",
              "      <td>0.034966</td>\n",
              "    </tr>\n",
              "    <tr>\n",
              "      <th>MARRIAGE</th>\n",
              "      <td>-0.111873</td>\n",
              "      <td>-0.137097</td>\n",
              "      <td>1.000000</td>\n",
              "      <td>-0.412828</td>\n",
              "      <td>0.019759</td>\n",
              "      <td>-0.028610</td>\n",
              "      <td>-0.026009</td>\n",
              "      <td>-0.029192</td>\n",
              "      <td>-0.027740</td>\n",
              "      <td>-0.029895</td>\n",
              "      <td>-0.024414</td>\n",
              "      <td>-0.002951</td>\n",
              "      <td>-0.007548</td>\n",
              "      <td>-0.003408</td>\n",
              "      <td>-0.014387</td>\n",
              "      <td>-0.000410</td>\n",
              "      <td>-0.009461</td>\n",
              "      <td>-0.026030</td>\n",
              "    </tr>\n",
              "    <tr>\n",
              "      <th>AGE</th>\n",
              "      <td>0.149157</td>\n",
              "      <td>0.179035</td>\n",
              "      <td>-0.412828</td>\n",
              "      <td>1.000000</td>\n",
              "      <td>-0.044277</td>\n",
              "      <td>0.056245</td>\n",
              "      <td>0.054099</td>\n",
              "      <td>0.054107</td>\n",
              "      <td>0.051241</td>\n",
              "      <td>0.049701</td>\n",
              "      <td>0.047519</td>\n",
              "      <td>0.025437</td>\n",
              "      <td>0.025421</td>\n",
              "      <td>0.029876</td>\n",
              "      <td>0.025307</td>\n",
              "      <td>0.020541</td>\n",
              "      <td>0.021640</td>\n",
              "      <td>0.014334</td>\n",
              "    </tr>\n",
              "    <tr>\n",
              "      <th>PAY_1</th>\n",
              "      <td>-0.273396</td>\n",
              "      <td>0.112653</td>\n",
              "      <td>0.019759</td>\n",
              "      <td>-0.044277</td>\n",
              "      <td>1.000000</td>\n",
              "      <td>0.185826</td>\n",
              "      <td>0.188799</td>\n",
              "      <td>0.181257</td>\n",
              "      <td>0.178812</td>\n",
              "      <td>0.180438</td>\n",
              "      <td>0.177486</td>\n",
              "      <td>-0.081450</td>\n",
              "      <td>-0.073295</td>\n",
              "      <td>-0.072682</td>\n",
              "      <td>-0.064112</td>\n",
              "      <td>-0.057021</td>\n",
              "      <td>-0.061031</td>\n",
              "      <td>0.325365</td>\n",
              "    </tr>\n",
              "    <tr>\n",
              "      <th>BILL_AMT1</th>\n",
              "      <td>0.287009</td>\n",
              "      <td>0.016156</td>\n",
              "      <td>-0.028610</td>\n",
              "      <td>0.056245</td>\n",
              "      <td>0.185826</td>\n",
              "      <td>1.000000</td>\n",
              "      <td>0.951651</td>\n",
              "      <td>0.900386</td>\n",
              "      <td>0.860149</td>\n",
              "      <td>0.828615</td>\n",
              "      <td>0.802008</td>\n",
              "      <td>0.138221</td>\n",
              "      <td>0.112460</td>\n",
              "      <td>0.145635</td>\n",
              "      <td>0.160204</td>\n",
              "      <td>0.163425</td>\n",
              "      <td>0.178943</td>\n",
              "      <td>-0.020508</td>\n",
              "    </tr>\n",
              "    <tr>\n",
              "      <th>BILL_AMT2</th>\n",
              "      <td>0.279289</td>\n",
              "      <td>0.012307</td>\n",
              "      <td>-0.026009</td>\n",
              "      <td>0.054099</td>\n",
              "      <td>0.188799</td>\n",
              "      <td>0.951651</td>\n",
              "      <td>1.000000</td>\n",
              "      <td>0.937488</td>\n",
              "      <td>0.892103</td>\n",
              "      <td>0.858078</td>\n",
              "      <td>0.830300</td>\n",
              "      <td>0.276583</td>\n",
              "      <td>0.114473</td>\n",
              "      <td>0.137514</td>\n",
              "      <td>0.148685</td>\n",
              "      <td>0.153851</td>\n",
              "      <td>0.172472</td>\n",
              "      <td>-0.014579</td>\n",
              "    </tr>\n",
              "    <tr>\n",
              "      <th>BILL_AMT3</th>\n",
              "      <td>0.285299</td>\n",
              "      <td>0.007683</td>\n",
              "      <td>-0.029192</td>\n",
              "      <td>0.054107</td>\n",
              "      <td>0.181257</td>\n",
              "      <td>0.900386</td>\n",
              "      <td>0.937488</td>\n",
              "      <td>1.000000</td>\n",
              "      <td>0.930385</td>\n",
              "      <td>0.889186</td>\n",
              "      <td>0.855154</td>\n",
              "      <td>0.242809</td>\n",
              "      <td>0.287837</td>\n",
              "      <td>0.119456</td>\n",
              "      <td>0.141010</td>\n",
              "      <td>0.159446</td>\n",
              "      <td>0.178121</td>\n",
              "      <td>-0.014649</td>\n",
              "    </tr>\n",
              "    <tr>\n",
              "      <th>BILL_AMT4</th>\n",
              "      <td>0.294342</td>\n",
              "      <td>-0.005862</td>\n",
              "      <td>-0.027740</td>\n",
              "      <td>0.051241</td>\n",
              "      <td>0.178812</td>\n",
              "      <td>0.860149</td>\n",
              "      <td>0.892103</td>\n",
              "      <td>0.930385</td>\n",
              "      <td>1.000000</td>\n",
              "      <td>0.937799</td>\n",
              "      <td>0.899241</td>\n",
              "      <td>0.229123</td>\n",
              "      <td>0.217716</td>\n",
              "      <td>0.293652</td>\n",
              "      <td>0.131700</td>\n",
              "      <td>0.158633</td>\n",
              "      <td>0.171339</td>\n",
              "      <td>-0.011349</td>\n",
              "    </tr>\n",
              "    <tr>\n",
              "      <th>BILL_AMT5</th>\n",
              "      <td>0.295198</td>\n",
              "      <td>-0.013174</td>\n",
              "      <td>-0.029895</td>\n",
              "      <td>0.049701</td>\n",
              "      <td>0.180438</td>\n",
              "      <td>0.828615</td>\n",
              "      <td>0.858078</td>\n",
              "      <td>0.889186</td>\n",
              "      <td>0.937799</td>\n",
              "      <td>1.000000</td>\n",
              "      <td>0.945671</td>\n",
              "      <td>0.212053</td>\n",
              "      <td>0.189566</td>\n",
              "      <td>0.241291</td>\n",
              "      <td>0.296192</td>\n",
              "      <td>0.140669</td>\n",
              "      <td>0.161847</td>\n",
              "      <td>-0.006753</td>\n",
              "    </tr>\n",
              "    <tr>\n",
              "      <th>BILL_AMT6</th>\n",
              "      <td>0.289818</td>\n",
              "      <td>-0.012670</td>\n",
              "      <td>-0.024414</td>\n",
              "      <td>0.047519</td>\n",
              "      <td>0.177486</td>\n",
              "      <td>0.802008</td>\n",
              "      <td>0.830300</td>\n",
              "      <td>0.855154</td>\n",
              "      <td>0.899241</td>\n",
              "      <td>0.945671</td>\n",
              "      <td>1.000000</td>\n",
              "      <td>0.194316</td>\n",
              "      <td>0.167941</td>\n",
              "      <td>0.219008</td>\n",
              "      <td>0.251668</td>\n",
              "      <td>0.305627</td>\n",
              "      <td>0.117253</td>\n",
              "      <td>-0.006274</td>\n",
              "    </tr>\n",
              "    <tr>\n",
              "      <th>PAY_AMT1</th>\n",
              "      <td>0.194820</td>\n",
              "      <td>-0.040092</td>\n",
              "      <td>-0.002951</td>\n",
              "      <td>0.025437</td>\n",
              "      <td>-0.081450</td>\n",
              "      <td>0.138221</td>\n",
              "      <td>0.276583</td>\n",
              "      <td>0.242809</td>\n",
              "      <td>0.229123</td>\n",
              "      <td>0.212053</td>\n",
              "      <td>0.194316</td>\n",
              "      <td>1.000000</td>\n",
              "      <td>0.326951</td>\n",
              "      <td>0.268781</td>\n",
              "      <td>0.204178</td>\n",
              "      <td>0.154208</td>\n",
              "      <td>0.192774</td>\n",
              "      <td>-0.072431</td>\n",
              "    </tr>\n",
              "    <tr>\n",
              "      <th>PAY_AMT2</th>\n",
              "      <td>0.188049</td>\n",
              "      <td>-0.033610</td>\n",
              "      <td>-0.007548</td>\n",
              "      <td>0.025421</td>\n",
              "      <td>-0.073295</td>\n",
              "      <td>0.112460</td>\n",
              "      <td>0.114473</td>\n",
              "      <td>0.287837</td>\n",
              "      <td>0.217716</td>\n",
              "      <td>0.189566</td>\n",
              "      <td>0.167941</td>\n",
              "      <td>0.326951</td>\n",
              "      <td>1.000000</td>\n",
              "      <td>0.265713</td>\n",
              "      <td>0.188660</td>\n",
              "      <td>0.136844</td>\n",
              "      <td>0.164655</td>\n",
              "      <td>-0.061555</td>\n",
              "    </tr>\n",
              "    <tr>\n",
              "      <th>PAY_AMT3</th>\n",
              "      <td>0.207638</td>\n",
              "      <td>-0.042349</td>\n",
              "      <td>-0.003408</td>\n",
              "      <td>0.029876</td>\n",
              "      <td>-0.072682</td>\n",
              "      <td>0.145635</td>\n",
              "      <td>0.137514</td>\n",
              "      <td>0.119456</td>\n",
              "      <td>0.293652</td>\n",
              "      <td>0.241291</td>\n",
              "      <td>0.219008</td>\n",
              "      <td>0.268781</td>\n",
              "      <td>0.265713</td>\n",
              "      <td>1.000000</td>\n",
              "      <td>0.222513</td>\n",
              "      <td>0.158325</td>\n",
              "      <td>0.163026</td>\n",
              "      <td>-0.058010</td>\n",
              "    </tr>\n",
              "    <tr>\n",
              "      <th>PAY_AMT4</th>\n",
              "      <td>0.202795</td>\n",
              "      <td>-0.039319</td>\n",
              "      <td>-0.014387</td>\n",
              "      <td>0.025307</td>\n",
              "      <td>-0.064112</td>\n",
              "      <td>0.160204</td>\n",
              "      <td>0.148685</td>\n",
              "      <td>0.141010</td>\n",
              "      <td>0.131700</td>\n",
              "      <td>0.296192</td>\n",
              "      <td>0.251668</td>\n",
              "      <td>0.204178</td>\n",
              "      <td>0.188660</td>\n",
              "      <td>0.222513</td>\n",
              "      <td>1.000000</td>\n",
              "      <td>0.153347</td>\n",
              "      <td>0.165131</td>\n",
              "      <td>-0.054572</td>\n",
              "    </tr>\n",
              "    <tr>\n",
              "      <th>PAY_AMT5</th>\n",
              "      <td>0.218082</td>\n",
              "      <td>-0.044946</td>\n",
              "      <td>-0.000410</td>\n",
              "      <td>0.020541</td>\n",
              "      <td>-0.057021</td>\n",
              "      <td>0.163425</td>\n",
              "      <td>0.153851</td>\n",
              "      <td>0.159446</td>\n",
              "      <td>0.158633</td>\n",
              "      <td>0.140669</td>\n",
              "      <td>0.305627</td>\n",
              "      <td>0.154208</td>\n",
              "      <td>0.136844</td>\n",
              "      <td>0.158325</td>\n",
              "      <td>0.153347</td>\n",
              "      <td>1.000000</td>\n",
              "      <td>0.158727</td>\n",
              "      <td>-0.056651</td>\n",
              "    </tr>\n",
              "    <tr>\n",
              "      <th>PAY_AMT6</th>\n",
              "      <td>0.221305</td>\n",
              "      <td>-0.046859</td>\n",
              "      <td>-0.009461</td>\n",
              "      <td>0.021640</td>\n",
              "      <td>-0.061031</td>\n",
              "      <td>0.178943</td>\n",
              "      <td>0.172472</td>\n",
              "      <td>0.178121</td>\n",
              "      <td>0.171339</td>\n",
              "      <td>0.161847</td>\n",
              "      <td>0.117253</td>\n",
              "      <td>0.192774</td>\n",
              "      <td>0.164655</td>\n",
              "      <td>0.163026</td>\n",
              "      <td>0.165131</td>\n",
              "      <td>0.158727</td>\n",
              "      <td>1.000000</td>\n",
              "      <td>-0.054838</td>\n",
              "    </tr>\n",
              "    <tr>\n",
              "      <th>default payment next month</th>\n",
              "      <td>-0.154423</td>\n",
              "      <td>0.034966</td>\n",
              "      <td>-0.026030</td>\n",
              "      <td>0.014334</td>\n",
              "      <td>0.325365</td>\n",
              "      <td>-0.020508</td>\n",
              "      <td>-0.014579</td>\n",
              "      <td>-0.014649</td>\n",
              "      <td>-0.011349</td>\n",
              "      <td>-0.006753</td>\n",
              "      <td>-0.006274</td>\n",
              "      <td>-0.072431</td>\n",
              "      <td>-0.061555</td>\n",
              "      <td>-0.058010</td>\n",
              "      <td>-0.054572</td>\n",
              "      <td>-0.056651</td>\n",
              "      <td>-0.054838</td>\n",
              "      <td>1.000000</td>\n",
              "    </tr>\n",
              "  </tbody>\n",
              "</table>\n",
              "</div>\n",
              "      <button class=\"colab-df-convert\" onclick=\"convertToInteractive('df-94a41f51-694e-4374-9dab-8d1c84f8f67f')\"\n",
              "              title=\"Convert this dataframe to an interactive table.\"\n",
              "              style=\"display:none;\">\n",
              "        \n",
              "  <svg xmlns=\"http://www.w3.org/2000/svg\" height=\"24px\"viewBox=\"0 0 24 24\"\n",
              "       width=\"24px\">\n",
              "    <path d=\"M0 0h24v24H0V0z\" fill=\"none\"/>\n",
              "    <path d=\"M18.56 5.44l.94 2.06.94-2.06 2.06-.94-2.06-.94-.94-2.06-.94 2.06-2.06.94zm-11 1L8.5 8.5l.94-2.06 2.06-.94-2.06-.94L8.5 2.5l-.94 2.06-2.06.94zm10 10l.94 2.06.94-2.06 2.06-.94-2.06-.94-.94-2.06-.94 2.06-2.06.94z\"/><path d=\"M17.41 7.96l-1.37-1.37c-.4-.4-.92-.59-1.43-.59-.52 0-1.04.2-1.43.59L10.3 9.45l-7.72 7.72c-.78.78-.78 2.05 0 2.83L4 21.41c.39.39.9.59 1.41.59.51 0 1.02-.2 1.41-.59l7.78-7.78 2.81-2.81c.8-.78.8-2.07 0-2.86zM5.41 20L4 18.59l7.72-7.72 1.47 1.35L5.41 20z\"/>\n",
              "  </svg>\n",
              "      </button>\n",
              "      \n",
              "  <style>\n",
              "    .colab-df-container {\n",
              "      display:flex;\n",
              "      flex-wrap:wrap;\n",
              "      gap: 12px;\n",
              "    }\n",
              "\n",
              "    .colab-df-convert {\n",
              "      background-color: #E8F0FE;\n",
              "      border: none;\n",
              "      border-radius: 50%;\n",
              "      cursor: pointer;\n",
              "      display: none;\n",
              "      fill: #1967D2;\n",
              "      height: 32px;\n",
              "      padding: 0 0 0 0;\n",
              "      width: 32px;\n",
              "    }\n",
              "\n",
              "    .colab-df-convert:hover {\n",
              "      background-color: #E2EBFA;\n",
              "      box-shadow: 0px 1px 2px rgba(60, 64, 67, 0.3), 0px 1px 3px 1px rgba(60, 64, 67, 0.15);\n",
              "      fill: #174EA6;\n",
              "    }\n",
              "\n",
              "    [theme=dark] .colab-df-convert {\n",
              "      background-color: #3B4455;\n",
              "      fill: #D2E3FC;\n",
              "    }\n",
              "\n",
              "    [theme=dark] .colab-df-convert:hover {\n",
              "      background-color: #434B5C;\n",
              "      box-shadow: 0px 1px 3px 1px rgba(0, 0, 0, 0.15);\n",
              "      filter: drop-shadow(0px 1px 2px rgba(0, 0, 0, 0.3));\n",
              "      fill: #FFFFFF;\n",
              "    }\n",
              "  </style>\n",
              "\n",
              "      <script>\n",
              "        const buttonEl =\n",
              "          document.querySelector('#df-94a41f51-694e-4374-9dab-8d1c84f8f67f button.colab-df-convert');\n",
              "        buttonEl.style.display =\n",
              "          google.colab.kernel.accessAllowed ? 'block' : 'none';\n",
              "\n",
              "        async function convertToInteractive(key) {\n",
              "          const element = document.querySelector('#df-94a41f51-694e-4374-9dab-8d1c84f8f67f');\n",
              "          const dataTable =\n",
              "            await google.colab.kernel.invokeFunction('convertToInteractive',\n",
              "                                                     [key], {});\n",
              "          if (!dataTable) return;\n",
              "\n",
              "          const docLinkHtml = 'Like what you see? Visit the ' +\n",
              "            '<a target=\"_blank\" href=https://colab.research.google.com/notebooks/data_table.ipynb>data table notebook</a>'\n",
              "            + ' to learn more about interactive tables.';\n",
              "          element.innerHTML = '';\n",
              "          dataTable['output_type'] = 'display_data';\n",
              "          await google.colab.output.renderOutput(dataTable, element);\n",
              "          const docLink = document.createElement('div');\n",
              "          docLink.innerHTML = docLinkHtml;\n",
              "          element.appendChild(docLink);\n",
              "        }\n",
              "      </script>\n",
              "    </div>\n",
              "  </div>\n",
              "  "
            ]
          },
          "metadata": {},
          "execution_count": 13
        }
      ]
    },
    {
      "cell_type": "code",
      "source": [
        "corr.iloc[0:5,0:5]"
      ],
      "metadata": {
        "colab": {
          "base_uri": "https://localhost:8080/",
          "height": 206
        },
        "id": "M7dqo0z2eFh5",
        "outputId": "5a5feb0f-d182-4e02-8678-3a82600b4cae"
      },
      "execution_count": 14,
      "outputs": [
        {
          "output_type": "execute_result",
          "data": {
            "text/plain": [
              "           LIMIT_BAL  EDUCATION  MARRIAGE       AGE     PAY_1\n",
              "LIMIT_BAL   1.000000  -0.232688 -0.111873  0.149157 -0.273396\n",
              "EDUCATION  -0.232688   1.000000 -0.137097  0.179035  0.112653\n",
              "MARRIAGE   -0.111873  -0.137097  1.000000 -0.412828  0.019759\n",
